{
  "serials": [
    "117122250667",
    "046122250568",
    "046122251022",
    "117222251204",
    "117222250222"
  ],
  "extrinsics": {
    "117122250667": [
      [1.0, 0.0, 0.0, 0.0],
      [0.0, 0.96592583, -0.25881905, 0.0],
      [0.0, 0.25881905, 0.96592583, 0.12],
      [0.0, 0.0, 0.0, 1.0]
    ],
    "046122250568": [
      [0.309, 0.24613691, 0.91859546, 0.114],
      [0.0, 0.96592583, -0.25881905, 0.0],
      [-0.951, 0.07997508, 0.29847108, 0.037],
      [0.0, 0.0, 0.0, 1.0]
    ],
    "046122251022": [
      [-0.809, 0.1521856, 0.56796439, 0.071],
      [0.0, 0.96592583, -0.25881905, 0.0],
      [-0.588, -0.20938461, -0.78143399, -0.097],
      [0.0, 0.0, 0.0, 1.0]
    ],
    "117222251204": [
      [-0.809, -0.1521856, -0.56796439, -0.071],
      [0.0, 0.96592583, -0.25881905, 0.0],
      [0.588, -0.20938461, -0.78143399, -0.097],
      [0.0, 0.0, 0.0, 1.0]
    ],
    "117222250222": [
      [0.309, -0.24613691, -0.91859546, -0.117],
      [0.0, 0.96592583, -0.25881905, 0.0],
      [0.951, 0.07997508, 0.29847108, 0.037],
      [0.0, 0.0, 0.0, 1.0]
    ]
  }
}
